1	1274	0.407978
1	155	0.307606
1	537	0.269706
1	259	0.251546
1	635	0.236539
1	632	0.200372
1	789	0.197015
1	47	0.190803
1	52	0.190467
1	41	0.189488
1	613	0.176886
1	545	0.176000
1	1313	0.161162
1	1090	0.157588
1	588	0.151606
1	139	0.147390
1	26	0.145496
1	195	0.144301
1	1273	0.142863
1	616	0.140618
1	1301	0.138773
1	1345	0.138228
1	105	0.136844
1	876	0.135952
1	805	0.135946
1	456	0.135812
1	757	0.134104
1	618	0.133429
1	1277	0.132847
1	1087	0.131756
1	729	0.131188
1	76	0.130371
1	1428	0.128182
1	735	0.128050
1	878	0.127864
1	85	0.126457
1	290	0.126275
1	89	0.125964
1	440	0.125863
1	313	0.125778
1	1010	0.121397
1	1340	0.120876
1	35	0.120725
1	1278	0.120592
1	1030	0.120455
1	1210	0.119478
1	503	0.118323
1	135	0.116953
1	598	0.116832
1	1418	0.116446
1	377	0.116234
1	522	0.115585
1	151	0.115507
1	113	0.114262
1	1158	0.114165
1	1140	0.113782
1	576	0.113433
1	439	0.112732
1	39	0.112420
1	664	0.112092
1	1302	0.111702
1	371	0.111653
1	202	0.110938
1	1304	0.110895
1	1061	0.110876
1	390	0.110826
1	1344	0.110301
1	1109	0.109885
1	448	0.109872
1	676	0.109441
1	246	0.109191
1	1142	0.109156
1	604	0.108546
1	1404	0.108243
1	783	0.107531
1	1312	0.107265
1	646	0.106934
1	136	0.106569
1	1080	0.106214
1	767	0.105916
1	471	0.105728
1	543	0.105666
1	1460	0.105300
1	649	0.104230
1	88	0.104179
1	1173	0.103592
1	821	0.103319
1	819	0.103300
1	544	0.102595
1	725	0.102277
1	606	0.102277
1	1405	0.102269
1	1231	0.102242
1	807	0.102159
1	1300	0.101592
1	640	0.101420
1	573	0.101366
1	599	0.101338
1	1095	0.101199
1	1369	0.100728
2	459	0.188006
2	1070	0.182520
2	630	0.170326
2	1179	0.161700
2	461	0.160079
2	1448	0.138507
2	110	0.137438
2	1381	0.135525
2	184	0.125618
2	114	0.113022
2	501	0.112459
2	320	0.111586
2	796	0.109740
2	784	0.108540
2	471	0.107887
2	48	0.102553
2	133	0.101613
2	254	0.099768
2	314	0.099510
2	554	0.097511
2	247	0.096448
2	1431	0.095552
2	175	0.095309
2	135	0.095149
2	136	0.093608
2	268	0.092472
2	265	0.091801
2	98	0.091073
2	538	0.089912
2	259	0.089649
2	1078	0.088284
2	458	0.088264
2	761	0.087681
2	1136	0.087571
2	1240	0.086546
2	664	0.086479
2	413	0.085856
2	30	0.084080
2	17	0.083681
2	575	0.083677
2	138	0.083624
2	1403	0.083066
2	1373	0.082978
2	14	0.082064
2	454	0.081527
2	1454	0.080785
2	1158	0.080637
2	1293	0.080439
2	76	0.080370
2	606	0.079529
2	539	0.079439
2	131	0.078944
2	640	0.078651
2	958	0.078265
2	212	0.078129
2	1417	0.078077
2	123	0.077784
2	69	0.077587
2	460	0.076905
2	611	0.076753
2	525	0.076360
2	442	0.076270
2	441	0.076269
2	149	0.075693
2	1053	0.075475
2	656	0.074713
2	334	0.074523
2	851	0.072592
2	140	0.072544
2	1349	0.072523
2	1298	0.071862
2	798	0.071812
2	462	0.071653
2	619	0.071460
2	964	0.071413
2	176	0.071280
2	65	0.071064
2	736	0.070942
2	774	0.070781
2	234	0.070677
2	1440	0.070677
2	534	0.070438
2	644	0.070385
2	768	0.069485
2	73	0.069123
2	565	0.069063
2	472	0.068853
2	1149	0.068814
2	821	0.068627
2	453	0.068537
2	506	0.068510
2	120	0.068359
2	731	0.068316
2	125	0.068206
2	1401	0.068030
2	496	0.067818
2	68	0.067528
2	327	0.066700
2	61	0.066224
2	971	0.066105
3	759	0.300447
3	605	0.243209
3	552	0.234958
3	631	0.222115
3	1416	0.199948
3	751	0.194439
3	785	0.165451
3	106	0.156530
3	778	0.151766
3	757	0.147306
3	1301	0.143011
3	1123	0.140351
3	573	0.138723
3	804	0.133295
3	1172	0.132121
3	1090	0.131703
3	495	0.131511
3	1418	0.126927
3	748	0.125985
3	41	0.125274
3	1276	0.124941
3	76	0.122510
3	515	0.122457
3	649	0.122150
3	380	0.121989
3	1156	0.121819
3	765	0.118373
3	756	0.116837
3	1173	0.116281
3	1039	0.116037
3	782	0.115873
3	1369	0.113684
3	167	0.111723
3	526	0.111029
3	829	0.109560
3	37	0.107974
3	893	0.106998
3	222	0.106055
3	806	0.104277
3	614	0.103059
3	767	0.102995
3	1182	0.101849
3	482	0.101017
3	960	0.099449
3	1286	0.098591
3	203	0.098366
3	44	0.097686
3	613	0.096896
3	79	0.096141
3	586	0.096112
3	214	0.095234
3	821	0.093511
3	229	0.092984
3	959	0.092921
3	1399	0.092855
3	615	0.091718
3	19	0.091429
3	722	0.090983
3	198	0.090228
3	62	0.089603
3	1417	0.089238
3	520	0.088478
3	808	0.087690
3	219	0.087549
3	28	0.087540
3	1196	0.086875
3	1103	0.085688
3	587	0.085513
3	1151	0.085188
3	955	0.084944
3	853	0.084781
3	783	0.084431
3	840	0.084231
3	97	0.083953
3	1396	0.083806
3	1221	0.083761
3	428	0.083452
3	415	0.083041
3	108	0.082620
3	577	0.082068
3	956	0.081065
3	727	0.080999
3	1040	0.080558
3	654	0.080196
3	588	0.079905
3	468	0.079406
3	115	0.078477
3	1363	0.078422
3	831	0.078361
3	329	0.078215
3	310	0.077943
3	1114	0.077779
3	1016	0.077348
3	1061	0.077276
3	777	0.077026
3	744	0.076917
3	590	0.076713
3	233	0.076647
3	747	0.075163
3	506	0.074995
4	1206	0.285710
4	184	0.257792
4	1105	0.248620
4	388	0.227127
4	648	0.209609
4	631	0.175312
4	862	0.171557
4	1166	0.151770
4	1070	0.143220
4	656	0.139604
4	261	0.137683
4	767	0.136976
4	302	0.136519
4	1103	0.130208
4	424	0.127382
4	539	0.124917
4	982	0.123462
4	1423	0.120839
4	1354	0.118936
4	688	0.118625
4	483	0.117582
4	567	0.117305
4	1428	0.115908
4	1038	0.114594
4	304	0.107982
4	923	0.107234
4	535	0.105681
4	1404	0.104389
4	1310	0.103812
4	269	0.102509
4	501	0.101480
4	1257	0.100875
4	896	0.100790
4	151	0.099957
4	664	0.097115
4	926	0.096378
4	620	0.096274
4	201	0.094937
4	167	0.094891
4	1430	0.094706
4	301	0.094644
4	839	0.093881
4	1361	0.092193
4	1200	0.091604
4	22	0.090385
4	1455	0.089979
4	347	0.089766
4	837	0.089685
4	965	0.088702
4	459	0.088387
4	844	0.088006
4	924	0.087796
4	579	0.087690
4	826	0.087463
4	1007	0.086658
4	122	0.086476
4	692	0.086060
4	1421	0.085984
4	630	0.085904
4	822	0.085640
4	743	0.085356
4	1158	0.085039
4	841	0.085038
4	497	0.084960
4	197	0.084647
4	587	0.083898
4	1136	0.082818
4	202	0.082532
4	1420	0.082036
4	309	0.081681
4	797	0.081403
4	451	0.081263
4	1318	0.080782
4	327	0.079313
4	611	0.079046
4	1375	0.079024
4	964	0.078884
4	140	0.078750
4	408	0.078046
4	65	0.077299
4	405	0.077269
4	1419	0.076871
4	1418	0.076784
4	323	0.076747
4	1094	0.076591
4	955	0.075631
4	1317	0.075249
4	147	0.075078
4	1445	0.074997
4	733	0.074685
4	132	0.074438
4	137	0.073777
4	175	0.073689
4	123	0.073680
4	354	0.073594
4	1015	0.073397
4	895	0.073303
4	1246	0.073204
4	126	0.072689
4	658	0.072647
5	636	0.516676
5	68	0.371112
5	487	0.350642
5	806	0.334876
5	595	0.270471
5	84	0.208790
5	492	0.207145
5	523	0.202165
5	486	0.195033
5	61	0.191591
5	1124	0.185875
5	495	0.185784
5	565	0.185434
5	319	0.183326
5	309	0.181779
5	603	0.181699
5	519	0.178325
5	810	0.176101
5	71	0.171039
5	51	0.164794
5	389	0.164504
5	1327	0.164444
5	634	0.156796
5	176	0.155475
5	807	0.154886
5	73	0.154155
5	1136	0.152095
5	820	0.151457
5	895	0.148384
5	586	0.146458
5	956	0.144773
5	894	0.143385
5	666	0.142384
5	659	0.142036
5	1175	0.139622
5	625	0.138994
5	575	0.138903
5	611	0.138813
5	317	0.138351
5	539	0.137273
5	483	0.133973
5	150	0.133574
5	499	0.131887
5	478	0.131550
5	676	0.129848
5	1091	0.129539
5	813	0.129385
5	660	0.129081
5	508	0.128912
5	459	0.128581
5	644	0.127163
5	509	0.126921
5	1134	0.125495
5	503	0.125495
5	445	0.124363
5	448	0.123957
5	805	0.123435
5	590	0.122355
5	728	0.121934
5	1282	0.121684
5	650	0.121241
5	702	0.121161
5	510	0.120983
5	615	0.120687
5	197	0.118783
5	1419	0.118602
5	526	0.117697
5	444	0.117540
5	47	0.117163
5	175	0.117003
5	461	0.115948
5	731	0.115932
5	1255	0.115745
5	605	0.115348
5	457	0.114548
5	538	0.114177
5	1054	0.113853
5	662	0.113148
5	458	0.112567
5	596	0.111931
5	1366	0.111447
5	446	0.110551
5	1078	0.110010
5	514	0.109958
5	1230	0.108073
5	525	0.108056
5	720	0.107593
5	470	0.106737
5	512	0.106611
5	381	0.106577
5	29	0.106144
5	135	0.105960
5	1120	0.105817
5	1195	0.105794
5	740	0.105601
5	571	0.104875
5	454	0.104734
5	390	0.103949
5	785	0.103482
5	754	0.103127
6	1139	0.444325
6	317	0.434776
6	539	0.426615
6	434	0.351528
6	1162	0.340481
6	1164	0.340481
6	445	0.292847
6	572	0.265376
6	530	0.263376
6	396	0.226275
6	19	0.225567
6	1124	0.225427
6	477	0.224790
6	1171	0.222640
6	1427	0.214443
6	755	0.214156
6	1185	0.213363
6	1129	0.207562
6	390	0.198532
6	1280	0.197183
6	1327	0.191449
6	1414	0.187624
6	151	0.180618
6	901	0.173279
6	1118	0.168882
6	609	0.167706
6	1443	0.167664
6	595	0.165762
6	1175	0.164612
6	641	0.161861
6	1136	0.159841
6	817	0.157691
6	637	0.157626
6	1024	0.151965
6	900	0.151242
6	168	0.147116
6	174	0.145774
6	389	0.145688
6	159	0.144550
6	329	0.144536
6	1225	0.144041
6	498	0.143953
6	149	0.143036
6	814	0.141133
6	175	0.140634
6	895	0.140325
6	68	0.139418
6	319	0.139415
6	1120	0.139366
6	796	0.139020
6	492	0.130701
6	1133	0.128887
6	179	0.128389
6	760	0.127391
6	444	0.125986
6	1413	0.124588
6	42	0.121353
6	902	0.120351
6	806	0.118794
6	576	0.117875
6	825	0.115182
6	630	0.114819
6	746	0.112081
6	328	0.110471
6	802	0.110026
6	761	0.109617
6	1382	0.109333
6	1047	0.108906
6	1323	0.107963
6	495	0.107314
6	397	0.107266
6	1459	0.107097
6	1226	0.104698
6	501	0.104676
6	523	0.104469
6	480	0.103761
6	514	0.103589
6	1046	0.102651
6	487	0.102134
6	269	0.101927
6	659	0.101915
6	1016	0.101558
6	60	0.101212
6	1326	0.100938
6	565	0.100643
6	1078	0.100176
6	634	0.097647
6	590	0.097183
6	30	0.096691
6	342	0.096685
6	597	0.096005
6	449	0.095898
6	486	0.095346
6	1163	0.095331
6	769	0.094686
6	1195	0.094322
6	636	0.093667
6	73	0.092775
6	606	0.092765
6	321	0.092615
7	81	0.351601
7	82	0.310997
7	486	0.241605
7	52	0.220860
7	565	0.219535
7	500	0.205868
7	894	0.191558
7	113	0.171304
7	78	0.171076
7	1421	0.168538
7	522	0.163677
7	446	0.160289
7	61	0.154689
7	519	0.152503
7	444	0.151044
7	590	0.149949
7	662	0.149522
7	377	0.148786
7	806	0.147962
7	506	0.147078
7	1344	0.145438
7	51	0.143299
7	824	0.143040
7	492	0.141344
7	1049	0.137589
7	523	0.134235
7	1282	0.133634
7	1144	0.133330
7	623	0.132936
7	820	0.131183
7	644	0.129689
7	35	0.128797
7	805	0.126577
7	625	0.125676
7	1215	0.124314
7	956	0.121541
7	1010	0.120318
7	566	0.118803
7	829	0.115303
7	222	0.113316
7	1298	0.113107
7	660	0.112090
7	1281	0.111854
7	83	0.110398
7	718	0.109007
7	195	0.106676
7	790	0.106537
7	530	0.106208
7	72	0.104772
7	595	0.104612
7	77	0.102478
7	1048	0.101200
7	1124	0.101022
7	68	0.100911
7	661	0.100620
7	773	0.100081
7	591	0.099657
7	603	0.099180
7	527	0.097843
7	489	0.096797
7	79	0.096248
7	830	0.095599
7	389	0.095134
7	57	0.094871
7	102	0.094616
7	86	0.094132
7	73	0.091864
7	639	0.091731
7	503	0.091279
7	702	0.090445
7	1130	0.090185
7	659	0.090151
7	472	0.089636
7	510	0.089170
7	813	0.089005
7	556	0.088801
7	1062	0.088328
7	434	0.087230
7	194	0.087096
7	571	0.086416
7	643	0.086276
7	390	0.086046
7	1359	0.085870
7	1419	0.085630
7	1376	0.085242
7	1327	0.084910
7	780	0.083806
7	358	0.083661
7	207	0.083403
7	517	0.083352
7	1230	0.081259
7	448	0.080878
7	309	0.080580
7	1255	0.080380
7	962	0.080123
7	89	0.079489
7	228	0.079254
7	608	0.078681
7	295	0.077847
7	153	0.077355
8	996	0.359527
8	1436	0.330951
8	873	0.308936
8	1435	0.290946
8	1245	0.263450
8	1004	0.259844
8	999	0.217034
8	1441	0.198492
8	1303	0.190224
8	130	0.188864
8	411	0.173018
8	1000	0.172536
8	1231	0.165727
8	323	0.162562
8	1431	0.149515
8	1001	0.138315
8	12	0.132611
8	749	0.130126
8	664	0.129966
8	877	0.129398
8	919	0.126279
8	1362	0.124076
8	1124	0.121872
8	452	0.118217
8	360	0.115576
8	1094	0.113636
8	1153	0.110844
8	1118	0.110687
8	1003	0.110212
8	1042	0.108472
8	232	0.106600
8	1256	0.105833
8	773	0.100608
8	1070	0.098615
8	1422	0.097467
8	781	0.096872
8	1175	0.096768
8	1251	0.095951
8	1289	0.095913
8	383	0.095520
8	1378	0.094716
8	1455	0.093394
8	907	0.093380
8	438	0.091239
8	1284	0.090812
8	881	0.090763
8	947	0.090608
8	888	0.090215
8	940	0.089421
8	1412	0.088719
8	1351	0.087702
8	487	0.086969
8	341	0.086634
8	384	0.085952
8	541	0.085755
8	1031	0.083866
8	1222	0.083618
8	874	0.083487
8	1189	0.083339
8	1020	0.082984
8	1079	0.082439
8	1416	0.082224
8	769	0.081590
8	607	0.081422
8	1021	0.079535
8	653	0.078483
8	796	0.078391
8	375	0.077244
8	336	0.076340
8	884	0.076205
8	618	0.075252
8	131	0.075085
8	497	0.074792
8	707	0.074413
8	920	0.074192
8	352	0.073430
8	98	0.073018
8	1121	0.072963
8	74	0.072570
8	158	0.072471
8	878	0.072346
8	941	0.072257
8	1136	0.071986
8	970	0.071712
8	530	0.071459
8	250	0.071303
8	525	0.070218
8	710	0.070147
8	887	0.069829
8	1052	0.069778
8	459	0.069592
8	807	0.069389
8	1053	0.068732
8	889	0.068113
8	284	0.067373
8	946	0.067238
8	403	0.067032
8	195	0.066331
8	1258	0.066314
8	97	0.066054
9	1118	0.335757
9	86	0.309986
9	448	0.306027
9	726	0.299776
9	606	0.275988
9	802	0.266948
9	596	0.264310
9	1124	0.241453
9	769	0.222823
9	740	0.217523
9	444	0.213948
9	429	0.210190
9	510	0.207468
9	1448	0.206775
9	813	0.198588
9	207	0.190863
9	79	0.186836
9	483	0.186755
9	1222	0.181748
9	49	0.178550
9	488	0.175278
9	69	0.175124
9	501	0.173192
9	34	0.172596
9	603	0.172356
9	1327	0.171737
9	176	0.168665
9	523	0.165950
9	486	0.164952
9	566	0.154332
9	722	0.152155
9	492	0.152095
9	820	0.147457
9	487	0.145332
9	1281	0.143985
9	649	0.141052
9	309	0.139178
9	479	0.138393
9	661	0.137828
9	956	0.136535
9	446	0.136149
9	575	0.135297
9	576	0.130130
9	680	0.130085
9	1381	0.130069
9	806	0.129196
9	562	0.128335
9	1091	0.127245
9	644	0.127109
9	662	0.126470
9	805	0.125380
9	819	0.124945
9	30	0.123911
9	71	0.122743
9	509	0.122086
9	659	0.121088
9	870	0.119482
9	783	0.119403
9	518	0.118644
9	223	0.117800
9	51	0.114758
9	442	0.114355
9	589	0.114261
9	52	0.114177
9	565	0.113913
9	702	0.113713
9	68	0.113517
9	135	0.112658
9	635	0.112649
9	149	0.111539
9	728	0.110958
9	520	0.110765
9	175	0.110007
9	894	0.109974
9	1245	0.109473
9	484	0.109146
9	746	0.108522
9	472	0.107028
9	508	0.106856
9	761	0.104937
9	773	0.104570
9	1054	0.104141
9	637	0.104070
9	419	0.102928
9	362	0.102819
9	724	0.102659
9	593	0.102467
9	1165	0.102453
9	1171	0.102430
9	1175	0.102186
9	643	0.102176
9	495	0.102072
9	502	0.101981
9	1195	0.101930
9	705	0.101571
9	619	0.101073
9	1361	0.100557
9	44	0.100437
9	204	0.100292
9	179	0.100068
10	34	0.282198
10	869	0.276036
10	675	0.265714
10	1180	0.264987
10	680	0.261756
10	47	0.254557
10	155	0.206537
10	53	0.177669
10	261	0.172164
10	1199	0.166916
10	835	0.166644
10	86	0.160668
10	1391	0.155839
10	696	0.153032
10	673	0.150377
10	35	0.148699
10	442	0.147715
10	746	0.141952
10	876	0.141056
10	377	0.139447
10	194	0.137514
10	620	0.135856
10	689	0.134333
10	44	0.131386
10	1277	0.130683
10	331	0.130097
10	1078	0.129890
10	472	0.128792
10	446	0.127516
10	688	0.126266
10	757	0.124695
10	595	0.124546
10	856	0.123151
10	820	0.122365
10	963	0.121735
10	1197	0.118652
10	715	0.118517
10	1010	0.113693
10	805	0.112975
10	603	0.110643
10	684	0.110558
10	790	0.109199
10	1283	0.106689
10	146	0.106054
10	149	0.105957
10	539	0.105950
10	740	0.105302
10	480	0.103994
10	390	0.103919
10	290	0.101616
10	1370	0.101613
10	195	0.100808
10	512	0.099205
10	113	0.098003
10	781	0.097584
10	727	0.096991
10	862	0.096573
10	117	0.096067
10	61	0.095599
10	1091	0.094624
10	493	0.093660
10	566	0.093378
10	485	0.092182
10	1366	0.092156
10	51	0.091986
10	796	0.091433
10	714	0.090905
10	41	0.090360
10	668	0.089935
10	527	0.089600
10	802	0.089505
10	682	0.088569
10	701	0.087652
10	150	0.087359
10	531	0.086223
10	1430	0.085732
10	1061	0.085024
10	666	0.084968
10	510	0.083986
10	729	0.082527
10	687	0.081995
10	604	0.081960
10	257	0.081564
10	489	0.081338
10	589	0.081091
10	419	0.080801
10	1057	0.080784
10	318	0.080561
10	1144	0.079851
10	562	0.079390
10	825	0.079285
10	483	0.078175
10	838	0.078100
10	375	0.077660
10	433	0.077475
10	931	0.077011
10	262	0.076894
10	692	0.076604
10	212	0.076461
10	1446	0.076181
11	1004	0.157749
11	1280	0.143403
11	17	0.143139
11	1070	0.138005
11	1088	0.121470
11	1079	0.107938
11	1042	0.106599
11	1076	0.104315
11	760	0.103819
11	1027	0.097282
11	1412	0.096543
11	1045	0.095530
11	873	0.090766
11	631	0.089744
11	993	0.087724
11	1022	0.086452
11	893	0.086315
11	1409	0.086138
11	607	0.085782
11	917	0.084476
11	180	0.084415
11	1161	0.082694
11	1012	0.082002
11	283	0.080994
11	482	0.080375
11	269	0.080337
11	1226	0.079631
11	116	0.079064
11	1444	0.078656
11	299	0.077877
11	2	0.076933
11	896	0.076112
11	1431	0.075543
11	990	0.074636
11	1118	0.074546
11	710	0.073919
11	1043	0.072901
11	594	0.072490
11	432	0.072032
11	861	0.071367
11	1129	0.070962
11	1206	0.070617
11	996	0.070528
11	863	0.070260
11	1223	0.070241
11	730	0.070148
11	237	0.069821
11	703	0.069439
11	409	0.069435
11	131	0.068533
11	323	0.068348
11	130	0.068190
11	1407	0.067832
11	1256	0.067762
11	200	0.067727
11	512	0.067182
11	347	0.067148
11	755	0.067137
11	360	0.067135
11	317	0.067016
11	138	0.066775
11	937	0.066657
11	769	0.066315
11	722	0.065837
11	1162	0.064803
11	1164	0.064803
11	1072	0.064556
11	970	0.064484
11	535	0.064068
11	916	0.063709
11	601	0.063096
11	125	0.063040
11	572	0.062588
11	527	0.062549
11	107	0.062044
11	22	0.061519
11	858	0.060761
11	174	0.060528
11	1295	0.060528
11	1455	0.060007
11	517	0.059877
11	133	0.059856
11	494	0.059474
11	1245	0.058772
11	515	0.058288
11	803	0.057992
11	1388	0.057879
11	567	0.057835
11	333	0.057831
11	272	0.057710
11	11	0.057388
11	406	0.057352
11	796	0.057243
11	325	0.057143
11	1052	0.056951
11	419	0.056944
11	832	0.056829
11	1441	0.056699
11	999	0.056692
11	1408	0.056566
12	261	0.266437
12	979	0.257805
12	567	0.241684
12	388	0.228847
12	336	0.228183
12	631	0.222523
12	269	0.184617
12	184	0.166588
12	688	0.162122
12	177	0.160199
12	874	0.158008
12	1103	0.145043
12	539	0.141868
12	1404	0.139981
12	620	0.139458
12	767	0.139048
12	860	0.136671
12	1388	0.134563
12	1190	0.123063
12	1191	0.122476
12	1206	0.122008
12	1417	0.118769
12	501	0.117347
12	1418	0.114938
12	249	0.114429
12	405	0.113880
12	811	0.112948
12	965	0.110533
12	202	0.104789
12	1446	0.104357
12	931	0.101606
12	916	0.100230
12	1445	0.099641
12	141	0.099559
12	354	0.097919
12	123	0.097887
12	485	0.097752
12	174	0.096457
12	797	0.095011
12	1139	0.094738
12	176	0.094711
12	478	0.094437
12	572	0.093725
12	862	0.092999
12	1430	0.092678
12	44	0.091409
12	775	0.091134
12	515	0.090421
12	201	0.090179
12	1094	0.089658
12	114	0.089571
12	789	0.088866
12	203	0.088400
12	147	0.088359
12	1428	0.087568
12	614	0.087261
12	977	0.087214
12	132	0.086101
12	167	0.085278
12	234	0.084863
12	1440	0.084863
12	1400	0.083931
12	658	0.083599
12	1333	0.083214
12	538	0.082311
12	409	0.082129
12	1038	0.082045
12	152	0.082018
12	1165	0.081881
12	239	0.081515
12	329	0.081295
12	290	0.080930
12	1019	0.080916
12	458	0.080108
12	29	0.080095
12	1066	0.079859
12	309	0.079458
12	46	0.079295
12	535	0.078623
12	926	0.078548
12	186	0.078376
12	871	0.078014
12	324	0.077682
12	144	0.077672
12	838	0.077219
12	367	0.076893
12	849	0.076801
12	364	0.076665
12	408	0.076564
12	235	0.076334
12	1298	0.075598
12	1369	0.075466
12	990	0.075166
12	1380	0.075032
12	240	0.075000
12	816	0.074238
12	126	0.074031
12	247	0.073773
12	453	0.073317
12	963	0.072569
13	884	0.221550
13	1416	0.219213
13	885	0.208664
13	1303	0.196289
13	218	0.196110
13	140	0.195689
13	654	0.194353
13	955	0.184250
13	119	0.167862
13	854	0.163277
13	504	0.160066
13	972	0.158803
13	947	0.149395
13	1171	0.146276
13	211	0.142578
13	214	0.138825
13	1013	0.131868
13	684	0.130848
13	1012	0.128661
13	1198	0.127881
13	1070	0.127784
13	1285	0.127350
13	97	0.125407
13	136	0.124168
13	1367	0.123353
13	141	0.119060
13	645	0.117189
13	348	0.115166
13	773	0.114141
13	336	0.113680
13	223	0.111506
13	849	0.110130
13	375	0.108652
13	916	0.107274
13	529	0.106800
13	958	0.106704
13	1251	0.106427
13	1132	0.105730
13	1042	0.102077
13	408	0.101839
13	17	0.100815
13	617	0.098358
13	123	0.098097
13	1376	0.097709
13	1146	0.097662
13	1273	0.097593
13	692	0.097220
13	1342	0.096865
13	874	0.096791
13	177	0.096758
13	133	0.096189
13	122	0.096017
13	1433	0.095943
13	593	0.095432
13	1215	0.094513
13	594	0.094339
13	145	0.094238
13	997	0.093057
13	1366	0.092966
13	1431	0.092604
13	620	0.091962
13	483	0.090466
13	914	0.090401
13	1422	0.089662
13	497	0.089459
13	602	0.089440
13	126	0.089303
13	376	0.088874
13	1365	0.088821
13	1257	0.088141
13	1011	0.088045
13	534	0.087931
13	216	0.087813
13	1362	0.087663
13	839	0.086857
13	815	0.086816
13	979	0.086535
13	459	0.086410
13	207	0.086394
13	1398	0.086073
13	96	0.085727
13	1454	0.084128
13	1350	0.083146
13	1352	0.083011
13	670	0.082132
13	161	0.081873
13	970	0.081763
13	1183	0.081676
13	584	0.080680
13	1149	0.080490
13	1068	0.079835
13	138	0.079779
13	15	0.079743
13	512	0.079431
13	1379	0.078279
13	1348	0.078017
13	935	0.077889
13	723	0.077874
13	373	0.077676
13	481	0.077564
14	1388	0.498406
14	215	0.299365
14	220	0.293103
14	410	0.272700
14	193	0.263465
14	181	0.262963
14	891	0.257936
14	216	0.254906
14	336	0.246908
14	1114	0.234047
14	204	0.225343
14	182	0.193762
14	1249	0.189353
14	217	0.186846
14	36	0.180081
14	1191	0.178421
14	1147	0.174975
14	1190	0.170012
14	979	0.160689
14	219	0.158996
14	415	0.158596
14	195	0.144530
14	874	0.144072
14	221	0.143086
14	547	0.138901
14	210	0.138887
14	202	0.136446
14	177	0.136078
14	860	0.135170
14	209	0.125473
14	189	0.124141
14	174	0.121844
14	225	0.120755
14	986	0.114392
14	1050	0.114322
14	203	0.113761
14	572	0.107279
14	1128	0.101625
14	183	0.101410
14	200	0.100258
14	1139	0.096713
14	770	0.095394
14	133	0.094853
14	211	0.092875
14	148	0.089802
14	905	0.089549
14	197	0.089075
14	201	0.088180
14	1071	0.086707
14	1083	0.085663
14	206	0.084250
14	849	0.083045
14	1298	0.082542
14	624	0.082084
14	185	0.082016
14	1412	0.081970
14	499	0.080985
14	107	0.080532
14	299	0.080072
14	208	0.079696
14	482	0.076909
14	37	0.075247
14	886	0.074997
14	163	0.074635
14	790	0.073369
14	223	0.072411
14	373	0.072367
14	1013	0.072293
14	1075	0.071093
14	344	0.070722
14	543	0.069825
14	405	0.069692
14	1027	0.069608
14	131	0.068442
14	990	0.067711
14	517	0.067693
14	101	0.067324
14	1230	0.066930
14	1132	0.066826
14	526	0.066427
14	644	0.066163
14	865	0.065710
14	116	0.065417
14	1355	0.065355
14	514	0.064337
14	176	0.064250
14	213	0.064129
14	1055	0.063923
14	821	0.063921
14	406	0.062584
14	433	0.060966
14	573	0.060603
14	1168	0.060170
14	917	0.060104
14	198	0.059976
14	791	0.059730
14	132	0.059386
14	180	0.059250
14	137	0.058474
14	1061	0.058404
15	1118	0.285036
15	739	0.281416
15	798	0.268337
15	501	0.261133
15	1413	0.244253
15	1073	0.242207
15	1163	0.222820
15	1133	0.200447
15	151	0.192138
15	627	0.171372
15	434	0.146660
15	478	0.144345
15	1171	0.143909
15	1124	0.139904
15	30	0.138465
15	1448	0.138332
15	530	0.137569
15	1326	0.131512
15	1139	0.130186
15	566	0.125694
15	212	0.124662
15	989	0.124639
15	390	0.124441
15	511	0.123478
15	773	0.123269
15	606	0.122513
15	483	0.119550
15	504	0.118905
15	894	0.118474
15	442	0.116291
15	761	0.115828
15	562	0.115615
15	1224	0.115518
15	44	0.113920
15	508	0.112094
15	812	0.111852
15	71	0.111691
15	1091	0.107708
15	802	0.106337
15	542	0.106006
15	825	0.105773
15	1222	0.104871
15	643	0.104058
15	781	0.102439
15	153	0.101803
15	176	0.101325
15	69	0.101305
15	1414	0.094869
15	446	0.094515
15	1175	0.092143
15	149	0.091845
15	758	0.091587
15	1381	0.091228
15	506	0.091145
15	746	0.090075
15	352	0.088536
15	1421	0.086704
15	593	0.086703
15	354	0.085658
15	673	0.085583
15	135	0.085338
15	556	0.084883
15	603	0.084854
15	479	0.084082
15	692	0.083936
15	489	0.083096
15	653	0.082764
15	617	0.082149
15	659	0.081284
15	86	0.080622
15	329	0.080604
15	512	0.080300
15	1415	0.079852
15	596	0.079808
15	488	0.079312
15	648	0.078468
15	1366	0.078362
15	250	0.077846
15	54	0.077618
15	1230	0.077251
15	1445	0.076154
15	1307	0.075941
15	388	0.075754
15	378	0.075742
15	1264	0.075208
15	206	0.075155
15	581	0.074829
15	1431	0.074341
15	790	0.074228
15	174	0.072707
15	848	0.072675
15	820	0.072602
15	175	0.072548
15	419	0.071571
15	6	0.071255
15	824	0.071084
15	495	0.070782
15	197	0.070635
15	715	0.070506
15	1392	0.070034
16	430	0.495285
16	455	0.473755
16	464	0.437155
16	443	0.432405
16	810	0.260039
16	745	0.186208
16	54	0.185960
16	319	0.159167
16	562	0.140035
16	1155	0.130963
16	739	0.130049
16	446	0.127829
16	1119	0.118188
16	478	0.113058
16	81	0.112317
16	790	0.105510
16	660	0.102734
16	58	0.101116
16	1230	0.101071
16	542	0.099404
16	1124	0.088452
16	1363	0.087971
16	603	0.087635
16	512	0.087289
16	688	0.084994
16	479	0.084515
16	788	0.083845
16	824	0.083019
16	781	0.082925
16	523	0.082430
16	519	0.082274
16	1092	0.081574
16	1073	0.081027
16	1118	0.080706
16	773	0.080612
16	894	0.079517
16	1053	0.079170
16	1103	0.077807
16	825	0.077524
16	838	0.077044
16	1175	0.076179
16	53	0.076137
16	149	0.076029
16	820	0.075937
16	77	0.074944
16	52	0.074635
16	390	0.074349
16	1158	0.073968
16	1117	0.073906
16	501	0.073755
16	566	0.073186
16	1326	0.072893
16	25	0.072208
16	1156	0.071650
16	1126	0.071184
16	812	0.070309
16	1091	0.069220
16	641	0.068903
16	797	0.068110
16	958	0.068087
16	449	0.067853
16	1333	0.067265
16	606	0.067199
16	516	0.066253
16	44	0.065590
16	433	0.065228
16	530	0.065224
16	1421	0.065079
16	577	0.065078
16	483	0.064798
16	309	0.064414
16	61	0.064365
16	135	0.063881
16	489	0.061938
16	42	0.061870
16	1070	0.061831
16	570	0.061603
16	73	0.061462
16	34	0.061349
16	394	0.060433
16	113	0.059834
16	1171	0.059407
16	597	0.059155
16	1055	0.059009
16	572	0.058988
16	1327	0.058749
16	617	0.058691
16	590	0.058676
16	758	0.058653
16	644	0.058367
16	593	0.058252
16	1010	0.057837
16	525	0.057715
16	552	0.057687
16	399	0.056892
16	425	0.056862
16	674	0.056143
16	938	0.055618
16	165	0.055410
16	212	0.055347
17	810	0.279351
17	446	0.250395
17	523	0.248247
17	487	0.232125
17	754	0.230234
17	806	0.196967
17	444	0.192999
17	492	0.183612
17	1327	0.174878
17	603	0.169999
17	319	0.158381
17	608	0.155834
17	61	0.154736
17	956	0.152098
17	309	0.151457
17	486	0.150012
17	662	0.140496
17	659	0.139518
17	894	0.139101
17	660	0.138961
17	595	0.138386
17	42	0.138114
17	565	0.137959
17	70	0.137731
17	448	0.135965
17	820	0.135836
17	562	0.135015
17	483	0.134427
17	519	0.134102
17	72	0.133811
17	43	0.127149
17	1054	0.126830
17	207	0.125830
17	73	0.124587
17	54	0.123780
17	1195	0.122769
17	522	0.119657
17	564	0.118877
17	447	0.118677
17	636	0.117968
17	52	0.116166
17	51	0.115423
17	1130	0.113167
17	1124	0.112172
17	1307	0.110513
17	68	0.110207
17	28	0.109242
17	824	0.109063
17	644	0.108941
17	503	0.108595
17	1230	0.108532
17	445	0.108388
17	623	0.107251
17	1126	0.106433
17	1282	0.106051
17	449	0.105992
17	812	0.105808
17	388	0.105482
17	762	0.105049
17	566	0.104731
17	479	0.104145
17	731	0.103525
17	663	0.103159
17	1255	0.100916
17	739	0.100763
17	35	0.098911
17	1127	0.098161
17	466	0.097822
17	488	0.096898
17	1071	0.096818
17	381	0.096474
17	472	0.096057
17	780	0.095838
17	962	0.095555
17	575	0.094498
17	643	0.094110
17	84	0.093775
17	512	0.093716
17	510	0.093658
17	649	0.092493
17	71	0.092352
17	1418	0.092072
17	702	0.091099
17	851	0.090467
17	705	0.090310
17	655	0.089996
17	44	0.089726
17	1144	0.089554
17	703	0.089462
17	149	0.089259
17	531	0.088711
17	773	0.088598
17	175	0.088578
17	484	0.088486
17	959	0.088313
17	625	0.087844
17	814	0.087829
17	706	0.086774
17	86	0.086629
17	134	0.086204
18	211	0.351864
18	1011	0.310636
18	972	0.302023
18	654	0.263049
18	1247	0.262575
18	119	0.255289
18	218	0.241637
18	1354	0.240193
18	885	0.238735
18	854	0.230562
18	214	0.210473
18	1285	0.197490
18	1198	0.188890
18	947	0.180055
18	1236	0.169060
18	955	0.166509
18	1146	0.163954
18	1013	0.154687
18	1171	0.151315
18	684	0.142728
18	1269	0.139726
18	1303	0.135204
18	884	0.132290
18	220	0.130718
18	97	0.127590
18	348	0.123409
18	192	0.118423
18	340	0.116645
18	550	0.115378
18	1342	0.113904
18	1397	0.112015
18	1237	0.111605
18	10	0.111533
18	169	0.109189
18	602	0.108580
18	250	0.107853
18	529	0.105938
18	484	0.103858
18	12	0.103760
18	364	0.103076
18	1007	0.102559
18	1291	0.102554
18	1052	0.100857
18	352	0.100699
18	979	0.099854
18	937	0.099730
18	15	0.099500
18	997	0.099485
18	375	0.097127
18	216	0.097018
18	1457	0.096688
18	1392	0.096508
18	957	0.095539
18	1018	0.095243
18	1434	0.095136
18	939	0.094854
18	1362	0.094711
18	130	0.094018
18	651	0.093420
18	978	0.093165
18	11	0.092445
18	1240	0.092191
18	140	0.091436
18	1390	0.091423
18	481	0.090572
18	1258	0.090347
18	1020	0.089239
18	906	0.089178
18	431	0.088695
18	907	0.088025
18	399	0.087860
18	724	0.087480
18	31	0.086865
18	1170	0.086091
18	1068	0.085854
18	208	0.083863
18	838	0.082038
18	924	0.081842
18	983	0.081680
18	370	0.081637
18	783	0.081604
18	206	0.081598
18	185	0.081374
18	1253	0.080611
18	551	0.080261
18	1317	0.080176
18	916	0.080045
18	358	0.079151
18	950	0.079048
18	1373	0.078992
18	856	0.078520
18	223	0.078046
18	962	0.077952
18	842	0.077596
18	961	0.077085
18	502	0.076543
18	186	0.076423
18	17	0.076277
18	542	0.076153
18	590	0.075508
19	545	0.285157
19	807	0.268552
19	496	0.251828
19	1362	0.234790
19	123	0.222151
19	136	0.181420
19	456	0.180092
19	1273	0.175935
19	535	0.160106
19	558	0.158848
19	165	0.156453
19	140	0.155400
19	105	0.152710
19	459	0.147642
19	789	0.146978
19	599	0.146931
19	866	0.142668
19	1070	0.139159
19	268	0.139068
19	60	0.135939
19	133	0.134103
19	138	0.133787
19	1297	0.133461
19	313	0.132046
19	1345	0.131899
19	132	0.131826
19	469	0.128380
19	993	0.127422
19	598	0.126929
19	204	0.126537
19	220	0.125028
19	1142	0.124569
19	1030	0.121267
19	323	0.120789
19	1348	0.120530
19	1078	0.120506
19	30	0.120474
19	572	0.120234
19	1370	0.118387
19	544	0.118136
19	1422	0.117549
19	533	0.117467
19	85	0.116447
19	202	0.114354
19	151	0.114151
19	1310	0.114015
19	620	0.113460
19	539	0.112562
19	1342	0.112094
19	1082	0.111556
19	1068	0.111494
19	137	0.111457
19	176	0.111262
19	640	0.110588
19	1096	0.110550
19	1392	0.109845
19	1337	0.109752
19	1147	0.109401
19	1139	0.109089
19	425	0.108462
19	946	0.107720
19	728	0.107290
19	1242	0.106851
19	1136	0.106507
19	1346	0.106219
19	1263	0.105909
19	731	0.105762
19	185	0.105276
19	1116	0.105246
19	555	0.104354
19	1432	0.104046
19	527	0.103816
19	23	0.103745
19	357	0.103621
19	615	0.103531
19	907	0.103516
19	73	0.102609
19	633	0.101860
19	174	0.101780
19	837	0.101321
19	131	0.100959
19	899	0.100906
19	577	0.100859
19	537	0.100598
19	158	0.100587
19	626	0.100393
19	630	0.100070
19	1010	0.099917
19	1202	0.099757
19	497	0.099662
19	441	0.099406
19	143	0.099402
19	1405	0.098984
19	424	0.098886
19	538	0.098392
19	1047	0.097906
19	314	0.097467
19	446	0.097013
19	556	0.096949
19	1161	0.096675
20	1303	0.462868
20	885	0.394843
20	218	0.338942
20	947	0.331585
20	654	0.315779
20	119	0.313981
20	375	0.301523
20	1367	0.300986
20	854	0.276763
20	1285	0.270176
20	972	0.268304
20	211	0.268124
20	214	0.261874
20	1198	0.237439
20	1171	0.213491
20	684	0.201321
20	1013	0.191918
20	1362	0.188650
20	140	0.185656
20	1011	0.180326
20	97	0.176681
20	1146	0.170826
20	602	0.170408
20	955	0.169426
20	136	0.165240
20	141	0.163858
20	1342	0.160471
20	529	0.156156
20	1368	0.153880
20	723	0.153563
20	884	0.152241
20	528	0.149051
20	916	0.147696
20	728	0.145691
20	376	0.144849
20	535	0.143431
20	1376	0.142344
20	997	0.142079
20	268	0.140624
20	823	0.139058
20	1078	0.135259
20	96	0.133271
20	692	0.130740
20	295	0.129578
20	133	0.128968
20	743	0.128174
20	24	0.127557
20	348	0.127253
20	845	0.125766
20	1297	0.125234
20	1094	0.125176
20	1370	0.124712
20	580	0.123341
20	138	0.122609
20	145	0.122111
20	839	0.121656
20	512	0.121221
20	1305	0.121028
20	1396	0.120932
20	465	0.119377
20	1436	0.119310
20	1192	0.118748
20	773	0.117924
20	607	0.115933
20	910	0.115689
20	293	0.115567
20	297	0.115296
20	15	0.115243
20	629	0.115092
20	724	0.111316
20	1132	0.110715
20	131	0.110107
20	122	0.108525
20	914	0.106689
20	459	0.106178
20	609	0.104204
20	217	0.103685
20	1378	0.103553
20	879	0.101574
20	252	0.101484
20	759	0.100607
20	1296	0.100283
20	555	0.099568
20	579	0.099195
20	1149	0.098191
20	220	0.097930
20	970	0.097871
20	584	0.096363
20	224	0.095372
20	169	0.093999
20	731	0.093952
20	150	0.093728
20	1416	0.093388
20	344	0.092569
20	582	0.092182
20	161	0.092003
20	310	0.091741
20	126	0.091594
20	330	0.090757
20	1353	0.090549
21	626	0.337896
21	648	0.290402
21	579	0.276983
21	1368	0.251997
21	594	0.241203
21	546	0.202832
21	124	0.190753
21	728	0.175022
21	606	0.173718
21	593	0.157369
21	1367	0.156190
21	539	0.151274
21	502	0.150060
21	1246	0.146436
21	451	0.135331
21	742	0.129956
21	1013	0.127096
21	523	0.124197
21	615	0.123811
21	459	0.123715
21	534	0.121857
21	145	0.120064
21	1139	0.118983
21	309	0.118545
21	123	0.115591
21	591	0.115406
21	805	0.114300
21	197	0.113296
21	514	0.113032
21	512	0.112586
21	637	0.112053
21	740	0.110342
21	692	0.110073
21	73	0.108891
21	268	0.108632
21	1078	0.108580
21	610	0.107118
21	1424	0.106311
21	1136	0.105733
21	492	0.105362
21	1162	0.105269
21	1164	0.105269
21	1353	0.105114
21	509	0.104884
21	611	0.102969
21	61	0.102819
21	1366	0.102459
21	743	0.102458
21	508	0.102447
21	595	0.102395
21	617	0.102148
21	769	0.101762
21	135	0.100911
21	530	0.099524
21	510	0.099202
21	17	0.097462
21	528	0.096359
21	870	0.096114
21	1091	0.096024
21	727	0.095641
21	731	0.094259
21	620	0.093502
21	851	0.093225
21	556	0.093138
21	1124	0.091276
21	1396	0.090263
21	1327	0.090155
21	468	0.089977
21	639	0.089595
21	158	0.089404
21	829	0.088895
21	1375	0.088811
21	839	0.088782
21	526	0.088607
21	378	0.087946
21	572	0.087234
21	458	0.087196
21	1372	0.086633
21	822	0.086336
21	838	0.086299
21	597	0.085954
21	799	0.085801
21	461	0.084873
21	682	0.084495
21	497	0.084484
21	630	0.084261
21	538	0.084145
21	642	0.083811
21	547	0.083579
21	596	0.083484
21	484	0.083474
21	336	0.083367
21	250	0.083214
21	462	0.082577
21	218	0.082420
21	797	0.082118
21	370	0.081695
21	117	0.081632
21	495	0.081506
21	871	0.081308
22	520	0.505339
22	726	0.375053
22	813	0.327178
22	507	0.314050
22	871	0.245975
22	727	0.160258
22	740	0.131226
22	741	0.127926
22	495	0.120819
22	510	0.120073
22	609	0.119757
22	1230	0.118791
22	650	0.117092
22	145	0.114174
22	703	0.112778
22	1415	0.110884
22	733	0.110021
22	150	0.108121
22	604	0.105315
22	1091	0.105141
22	603	0.104120
22	512	0.104109
22	514	0.103865
22	491	0.103317
22	502	0.100871
22	1396	0.100336
22	508	0.100036
22	692	0.099974
22	620	0.099966
22	732	0.099216
22	567	0.098611
22	702	0.098402
22	579	0.095692
22	822	0.093603
22	1374	0.093381
22	615	0.093205
22	738	0.092768
22	1368	0.091768
22	1366	0.091181
22	523	0.089571
22	742	0.089403
22	243	0.089322
22	1124	0.089129
22	739	0.088179
22	62	0.087697
22	1372	0.087081
22	595	0.087036
22	597	0.086625
22	1196	0.086579
22	1078	0.086151
22	269	0.085505
22	876	0.084657
22	865	0.084341
22	869	0.084302
22	728	0.083444
22	511	0.082778
22	820	0.082594
22	429	0.081231
22	1162	0.081028
22	1164	0.081028
22	868	0.080743
22	773	0.080728
22	818	0.079914
22	807	0.079730
22	883	0.079644
22	318	0.079518
22	492	0.078588
22	1175	0.078367
22	329	0.077628
22	765	0.077550
22	483	0.077397
22	814	0.077167
22	743	0.076045
22	675	0.076032
22	1327	0.075962
22	963	0.075681
22	534	0.075460
22	158	0.075422
22	1217	0.075286
22	1280	0.075122
22	907	0.075029
22	530	0.074506
22	716	0.073988
22	857	0.073972
22	1197	0.073822
22	1417	0.073467
22	705	0.073405
22	61	0.072845
22	809	0.072803
22	670	0.072473
22	490	0.072381
22	1367	0.071830
22	164	0.071271
22	801	0.070607
22	539	0.070307
22	642	0.070124
22	117	0.069747
22	1376	0.069712
22	416	0.069667
22	921	0.069292
23	520	0.405485
23	726	0.331695
23	813	0.277404
23	1124	0.251638
23	483	0.249615
23	510	0.196927
23	740	0.191298
23	86	0.176750
23	727	0.172754
23	565	0.163696
23	448	0.161709
23	1327	0.159851
23	175	0.156720
23	603	0.155268
23	769	0.155177
23	894	0.154914
23	1118	0.152529
23	179	0.151268
23	523	0.149528
23	596	0.143343
23	51	0.143124
23	531	0.142976
23	486	0.142953
23	71	0.140157
23	495	0.138790
23	79	0.132826
23	150	0.132006
23	309	0.131727
23	720	0.130775
23	705	0.129702
23	609	0.129410
23	197	0.129062
23	820	0.128750
23	492	0.128278
23	1230	0.128104
23	487	0.124556
23	576	0.122070
23	1222	0.121902
23	661	0.121382
23	488	0.120145
23	1280	0.118833
23	485	0.118805
23	479	0.117876
23	807	0.116253
23	507	0.115728
23	703	0.115297
23	1091	0.114721
23	72	0.114646
23	1294	0.114631
23	498	0.114463
23	564	0.114305
23	503	0.114158
23	595	0.114061
23	390	0.113844
23	806	0.112638
23	321	0.112601
23	659	0.112178
23	1175	0.111504
23	566	0.111482
23	512	0.111455
23	61	0.110579
23	526	0.110287
23	1144	0.110070
23	702	0.109831
23	509	0.109395
23	117	0.109277
23	741	0.108460
23	329	0.107747
23	649	0.105489
23	738	0.104695
23	207	0.104044
23	752	0.103973
23	790	0.103874
23	1224	0.103758
23	328	0.103578
23	814	0.101514
23	429	0.100353
23	802	0.099696
23	692	0.099605
23	514	0.099168
23	663	0.099075
23	446	0.098578
23	176	0.097904
23	643	0.097751
23	317	0.097730
23	1419	0.097698
23	49	0.096223
23	422	0.096176
23	812	0.095862
23	1195	0.095606
23	1366	0.095202
23	650	0.095193
23	608	0.095000
23	35	0.094511
23	739	0.094418
23	570	0.094202
23	1281	0.093984
23	805	0.093940
23	1185	0.093052
23	586	0.092933
24	1124	0.287694
24	820	0.286735
24	659	0.246026
24	894	0.244337
24	176	0.244137
24	486	0.201089
24	1175	0.191547
24	565	0.180018
24	603	0.175233
24	1091	0.171262
24	562	0.168255
24	492	0.167849
24	1230	0.164735
24	726	0.154768
24	824	0.154195
24	483	0.151461
24	1118	0.151449
24	86	0.144309
24	746	0.143973
24	446	0.142369
24	479	0.142056
24	61	0.141050
24	812	0.139162
24	813	0.138895
24	806	0.137566
24	702	0.137198
24	869	0.135783
24	509	0.135634
24	390	0.134379
24	644	0.132690
24	586	0.131939
24	429	0.130382
24	519	0.130156
24	1131	0.129459
24	752	0.128787
24	71	0.128557
24	871	0.128280
24	650	0.127611
24	868	0.126228
24	829	0.125350
24	512	0.125081
24	508	0.124246
24	1274	0.124124
24	589	0.122368
24	720	0.122296
24	666	0.121904
24	566	0.120995
24	28	0.120098
24	52	0.119922
24	175	0.119534
24	1196	0.118555
24	489	0.117751
24	609	0.116506
24	660	0.115494
24	318	0.115072
24	620	0.114907
24	1326	0.114435
24	1222	0.113962
24	179	0.112182
24	510	0.112137
24	1120	0.111785
24	731	0.110758
24	785	0.110286
24	1171	0.109978
24	722	0.109901
24	329	0.109309
24	523	0.107780
24	1139	0.107468
24	664	0.107323
24	773	0.106936
24	807	0.106559
24	1281	0.105992
24	855	0.105824
24	530	0.105560
24	487	0.105338
24	596	0.104358
24	1136	0.104289
24	51	0.104027
24	1327	0.103530
24	567	0.102989
24	1255	0.102880
24	606	0.102859
24	1298	0.102678
24	808	0.101672
24	526	0.101330
24	790	0.101326
24	1415	0.101324
24	605	0.101152
24	661	0.100267
24	680	0.100200
24	153	0.099471
24	459	0.099013
24	321	0.098693
24	539	0.098562
24	68	0.098313
24	480	0.097529
24	956	0.097505
24	1134	0.096972
24	1054	0.096677
24	1417	0.096029
25	824	0.478953
25	531	0.465535
25	894	0.459295
25	659	0.447004
25	812	0.439097
25	1326	0.325658
25	446	0.297034
25	562	0.285641
25	489	0.276186
25	566	0.265882
25	479	0.258858
25	28	0.229981
25	149	0.226888
25	790	0.219430
25	660	0.213175
25	820	0.210595
25	390	0.207241
25	51	0.207004
25	773	0.201307
25	77	0.196393
25	52	0.183271
25	530	0.182676
25	565	0.180132
25	603	0.179788
25	1307	0.177903
25	1230	0.175888
25	643	0.175328
25	825	0.172007
25	688	0.169625
25	442	0.169120
25	590	0.163962
25	1421	0.161813
25	1124	0.160144
25	315	0.159603
25	355	0.159380
25	488	0.158459
25	501	0.157488
25	44	0.156629
25	486	0.156527
25	79	0.155473
25	989	0.154390
25	577	0.153400
25	512	0.151282
25	72	0.150319
25	956	0.148465
25	472	0.147586
25	449	0.147581
25	805	0.147004
25	1010	0.146283
25	1144	0.146079
25	57	0.145886
25	377	0.144446
25	662	0.140843
25	649	0.137776
25	503	0.136681
25	644	0.136079
25	329	0.135619
25	1054	0.134366
25	830	0.134349
25	54	0.131527
25	483	0.131150
25	445	0.130737
25	1445	0.129932
25	444	0.129809
25	61	0.128043
25	70	0.126546
25	1281	0.125055
25	157	0.124811
25	71	0.124634
25	86	0.124486
25	1415	0.123101
25	702	0.122954
25	1165	0.120839
25	570	0.119101
25	596	0.118625
25	448	0.118216
25	726	0.118149
25	714	0.117723
25	661	0.116624
25	652	0.116471
25	532	0.116278
25	1130	0.116091
25	487	0.115916
25	762	0.115382
25	761	0.115313
25	509	0.115212
25	1325	0.114934
25	151	0.114610
25	522	0.114380
25	623	0.113786
25	781	0.113685
25	564	0.112345
25	500	0.112220
25	754	0.111605
25	1327	0.111145
25	167	0.111138
25	41	0.111003
25	1138	0.109741
25	700	0.109594
25	447	0.109150
26	1284	0.461643
26	1289	0.420197
26	1231	0.349744
26	873	0.311087
26	440	0.292935
26	1004	0.233318
26	261	0.214516
26	996	0.213381
26	1303	0.189807
26	866	0.184297
26	1245	0.176824
26	999	0.169845
26	98	0.168284
26	717	0.165774
26	49	0.164543
26	611	0.163808
26	1435	0.163484
26	439	0.162510
26	1298	0.157961
26	130	0.155726
26	1441	0.154100
26	1436	0.145504
26	539	0.143275
26	870	0.135088
26	311	0.132862
26	1000	0.127638
26	121	0.126319
26	411	0.126148
26	1078	0.125512
26	620	0.123591
26	1297	0.123342
26	989	0.121201
26	1362	0.119854
26	485	0.119696
26	360	0.119580
26	97	0.118813
26	1165	0.114027
26	323	0.112778
26	112	0.110769
26	796	0.107273
26	919	0.105621
26	591	0.104905
26	18	0.104576
26	1256	0.104511
26	862	0.104484
26	1009	0.103009
26	1341	0.102666
26	452	0.102539
26	1001	0.102347
26	1177	0.102005
26	749	0.100737
26	728	0.096728
26	513	0.096274
26	1415	0.095014
26	131	0.093492
26	838	0.093186
26	490	0.093164
26	138	0.093147
26	388	0.091613
26	931	0.091246
26	175	0.090970
26	889	0.089401
26	228	0.089253
26	1430	0.088788
26	137	0.088406
26	179	0.088319
26	481	0.087957
26	1446	0.087309
26	1378	0.086291
26	1003	0.084488
26	1431	0.083146
26	634	0.081494
26	497	0.081335
26	241	0.080644
26	877	0.080594
26	363	0.080584
26	1281	0.079440
26	1367	0.077950
26	12	0.077374
26	1215	0.077371
26	1412	0.077309
26	59	0.077232
26	375	0.077218
26	135	0.076038
26	213	0.075844
26	710	0.075203
26	384	0.075034
26	822	0.075022
26	966	0.074832
26	92	0.074643
26	676	0.074320
26	263	0.073726
26	544	0.072920
26	965	0.072471
26	595	0.071065
26	284	0.069930
26	123	0.069629
26	1396	0.069589
26	1115	0.069265
26	482	0.069031
27	917	0.230231
27	406	0.217022
27	281	0.212798
27	916	0.202616
27	1042	0.201220
27	648	0.165541
27	990	0.163144
27	1274	0.152638
27	1280	0.138656
27	180	0.134993
27	11	0.134814
27	1246	0.133722
27	17	0.130363
27	287	0.124227
27	136	0.123181
27	178	0.116894
27	970	0.115440
27	283	0.113997
27	849	0.112816
27	1240	0.108534
27	1318	0.106089
27	754	0.105456
27	1317	0.101955
27	141	0.101796
27	1457	0.099244
27	299	0.098439
27	914	0.098281
27	177	0.098021
27	1193	0.096832
27	392	0.094888
27	408	0.094608
27	348	0.092439
27	875	0.091914
27	430	0.088835
27	327	0.088059
27	14	0.087449
27	923	0.086468
27	293	0.085874
27	774	0.084096
27	881	0.082883
27	1424	0.079876
27	22	0.079739
27	959	0.079317
27	1308	0.078946
27	730	0.078780
27	268	0.078754
27	1012	0.076917
27	6	0.076182
27	1324	0.076029
27	891	0.075377
27	213	0.075234
27	1192	0.075172
27	370	0.074356
27	90	0.073636
27	908	0.073480
27	140	0.073428
27	331	0.073254
27	426	0.073225
27	787	0.072705
27	556	0.072281
27	1264	0.071881
27	284	0.071347
27	642	0.071168
27	913	0.071137
27	323	0.070376
27	321	0.070219
27	409	0.070122
27	728	0.069594
27	1408	0.069486
27	24	0.069188
27	128	0.067819
27	31	0.067182
27	432	0.067070
27	325	0.066886
27	387	0.066439
27	1212	0.066411
27	1132	0.066230
27	547	0.065544
27	593	0.065529
27	1043	0.065486
27	441	0.065431
27	1068	0.065420
27	1325	0.065240
27	135	0.065049
27	334	0.064823
27	371	0.064805
27	1303	0.064070
27	911	0.063524
27	376	0.063499
27	410	0.062819
27	978	0.062598
27	816	0.062506
27	200	0.062358
27	96	0.062079
27	468	0.061859
27	949	0.061759
27	867	0.061495
27	1056	0.061225
27	138	0.061222
27	26	0.061109
28	1167	0.267848
28	686	0.252221
28	552	0.233823
28	1209	0.230738
28	767	0.199866
28	1369	0.190011
28	1098	0.188206
28	1086	0.183789
28	573	0.172330
28	1083	0.169460
28	614	0.168113
28	1173	0.164920
28	233	0.163783
28	1123	0.163404
28	1418	0.160111
28	748	0.148331
28	203	0.148069
28	691	0.146645
28	618	0.145298
28	831	0.142178
28	588	0.135703
28	111	0.134937
28	41	0.132123
28	1350	0.131307
28	613	0.127148
28	815	0.126540
28	198	0.126367
28	685	0.123753
28	201	0.123730
28	97	0.123015
28	1108	0.122924
28	778	0.122333
28	1301	0.121419
28	118	0.120972
28	735	0.120115
28	1182	0.119533
28	1361	0.118899
28	1355	0.118581
28	1335	0.117490
28	57	0.117443
28	1210	0.113105
28	1291	0.113064
28	1097	0.111903
28	110	0.111356
28	1125	0.109273
28	756	0.108219
28	725	0.108209
28	635	0.106690
28	1055	0.106223
28	899	0.104213
28	1158	0.103836
28	64	0.102692
28	463	0.102681
28	76	0.102309
28	543	0.101076
28	848	0.101069
28	506	0.099579
28	1460	0.099074
28	622	0.098599
28	515	0.097959
28	193	0.097672
28	1190	0.094785
28	1156	0.093014
28	744	0.091723
28	189	0.091469
28	782	0.090854
28	1109	0.090828
28	1155	0.090763
28	1157	0.090569
28	196	0.090444
28	1191	0.090296
28	1316	0.089240
28	415	0.089186
28	512	0.088259
28	770	0.087964
28	739	0.087393
28	106	0.087037
28	431	0.086350
28	1061	0.086312
28	1319	0.086100
28	258	0.085056
28	89	0.084912
28	1363	0.083628
28	580	0.083021
28	113	0.082836
28	40	0.081771
28	776	0.081551
28	1241	0.080959
28	548	0.080263
28	1432	0.080254
28	560	0.079644
28	321	0.078826
28	967	0.078621
28	204	0.078597
28	788	0.077123
28	1290	0.076096
28	1276	0.076077
28	721	0.075904
28	1434	0.072917
28	199	0.072785
29	1263	0.367113
29	386	0.364590
29	1045	0.348178
29	312	0.323157
29	400	0.298456
29	398	0.239766
29	1111	0.221707
29	1077	0.205569
29	95	0.184817
29	1341	0.178825
29	1357	0.166532
29	544	0.162536
29	652	0.160647
29	228	0.156925
29	98	0.155187
29	1084	0.154598
29	1447	0.154598
29	96	0.150337
29	311	0.149446
29	602	0.146059
29	180	0.145027
29	15	0.140811
29	1319	0.138480
29	1227	0.135483
29	122	0.135002
29	136	0.134841
29	97	0.131078
29	965	0.128276
29	807	0.126571
29	313	0.126249
29	140	0.125773
29	387	0.121341
29	686	0.121193
29	624	0.120769
29	1030	0.120214
29	627	0.119306
29	214	0.113547
29	606	0.113268
29	159	0.111158
29	1295	0.110550
29	666	0.108510
29	967	0.108186
29	360	0.107780
29	1144	0.105065
29	79	0.104953
29	439	0.104237
29	325	0.101814
29	169	0.100729
29	418	0.100328
29	49	0.099319
29	1297	0.099296
29	1289	0.097437
29	248	0.097204
29	71	0.096495
29	649	0.093855
29	26	0.093743
29	1373	0.092521
29	542	0.091306
29	1091	0.090733
29	664	0.090587
29	329	0.090296
29	66	0.090075
29	574	0.089942
29	545	0.089923
29	109	0.089719
29	1240	0.087302
29	1223	0.087288
29	1011	0.085912
29	1035	0.084845
29	643	0.084503
29	172	0.084251
29	327	0.083765
29	685	0.083683
29	63	0.083493
29	1426	0.083297
29	680	0.083190
29	1343	0.083183
29	577	0.083007
29	529	0.082818
29	416	0.082627
29	433	0.082327
29	43	0.082251
29	653	0.082161
29	419	0.080447
29	132	0.080255
29	150	0.080200
29	839	0.079916
29	412	0.079623
29	218	0.078295
29	1409	0.077605
29	636	0.077526
29	540	0.077277
29	590	0.076728
29	341	0.076485
29	1443	0.076360
29	688	0.075448
29	478	0.074035
29	563	0.073669
29	637	0.073231
29	517	0.073130
30	1434	0.175859
30	374	0.175487
30	159	0.155072
30	1428	0.139479
30	420	0.132598
30	990	0.131822
30	376	0.131694
30	1167	0.126328
30	631	0.124934
30	1118	0.121529
30	249	0.121497
30	250	0.121266
30	1396	0.118808
30	1124	0.117883
30	1180	0.117724
30	1175	0.112765
30	567	0.107182
30	984	0.104796
30	1105	0.102715
30	1139	0.101708
30	857	0.097814
30	1222	0.097696
30	330	0.096256
30	129	0.095220
30	1364	0.095168
30	269	0.094880
30	970	0.094555
30	135	0.093449
30	692	0.093163
30	56	0.091823
30	1376	0.090855
30	1391	0.088980
30	64	0.088302
30	993	0.086981
30	1254	0.086805
30	127	0.085912
30	485	0.085862
30	835	0.085675
30	512	0.085559
30	1060	0.085295
30	1136	0.082626
30	511	0.082562
30	487	0.082026
30	1335	0.081453
30	539	0.081117
30	822	0.080401
30	206	0.079879
30	440	0.079606
30	252	0.079365
30	1377	0.077992
30	1078	0.077835
30	261	0.077598
30	711	0.075526
30	896	0.075463
30	906	0.074923
30	194	0.074025
30	1264	0.073834
30	604	0.073004
30	325	0.072958
30	1350	0.072714
30	236	0.072652
30	501	0.072386
30	1255	0.070918
30	408	0.070267
30	353	0.069999
30	175	0.069678
30	442	0.069667
30	1207	0.069439
30	366	0.069395
30	527	0.069392
30	727	0.069308
30	484	0.069291
30	572	0.069140
30	1359	0.068483
30	1387	0.068449
30	161	0.067786
30	461	0.067677
30	1091	0.067552
30	6	0.067079
30	180	0.067009
30	1059	0.066883
30	409	0.066789
30	716	0.066730
30	59	0.066566
30	1285	0.065868
30	1171	0.065382
30	44	0.064889
30	735	0.064886
30	958	0.064702
30	167	0.064681
30	179	0.064618
30	1252	0.064498
30	375	0.064315
30	1328	0.064285
30	450	0.064039
30	689	0.063979
30	1433	0.063816
30	1172	0.063504
30	523	0.063234
30	565	0.062885
